38003563,
38003564,
8570,
8532,
8507,
8521,
8551,
8657,
8515,
8516,
8557,
8527,
4230167,
3655950,
4177224,
4201025,
4162736,
4119964,
4155151,
4216695,
44790731,
4082249,
40486624,
4146536,
37018292,
4120120,
3171077,
4324124,
2213573,
2213572,
3038553,
3024171,
3025315,
3036277,
3027018,
3004249,
3020460,
3046279,
3022893,
3013721,
3045524,
4353936,
3010834,
3027801,
3016502,
3026238,
3022217,
3034426,
3018677,
3006315,
3002385,
3018198,
3000963,
3007461,
3024929,
40762499,
703443,
3005629,
4138487,
1321341,
1343916,
1135766,
1337720,
1507835,
3655950,
