317009,
4299535,
439727,
201820,
255573,
4063381,
316866,
4028244,
4298794,
3046853,
46235215,
4039922,
3655896,
4052536,
4237460,
3007220,
3045262,
40771922,
37032427,
3023091,
37070654,
3023361,
37051715,
3012888,
37063873,
3034022,
40653596,
40653762,
40652870,
40653238,
40653900,
40653085,
40652709,
40652525,
40653994,
37043992,
37041593,
37041261,
37042222,
40654069,
37070108,
40654088,
40654045,
36033639,
3020891,
4141684,
4224038,
45768197,
4222966,
21600280,
46257585,
45889034,
45889365,
2213576,
